# cipher
key_va	0x74040	file_off 0x6c040	dec0a7f12f5e3d9b1d8b4a7cb4f9e6a29a7e3f5de7d4b1c8
keystream_first16	530af00d3e6634d5c0f454d1e9d3257e
entry_1	va 0x73bb8	file_off 0x6bbb8	len 13
entry_2	va 0x73bc8	file_off 0x6bbc8	len 23
entry_3	va 0x73be0	file_off 0x6bbe0	len 26
entry_4	va 0x73bfc	file_off 0x6bbfc	len 12
entry_5	va 0x73c0c	file_off 0x6bc0c	len 4
entry_6	va 0x73c14	file_off 0x6bc14	len 7
entry_7	va 0x73c1c	file_off 0x6bc1c	len 22
entry_8	va 0x73c34	file_off 0x6bc34	len 23
entry_9	va 0x73c4c	file_off 0x6bc4c	len 27
entry_10	va 0x73c68	file_off 0x6bc68	len 30
entry_11	va 0x73c88	file_off 0x6bc88	len 12
entry_12	va 0x73c98	file_off 0x6bc98	len 17
entry_13	va 0x73cac	file_off 0x6bcac	len 27
entry_14	va 0x73cc8	file_off 0x6bcc8	len 7
entry_15	va 0x73e9c	file_off 0x6be9c	len 18
entry_16	va 0x73cd0	file_off 0x6bcd0	len 42
entry_17	va 0x73cfc	file_off 0x6bcfc	len 11
entry_18	va 0x73d08	file_off 0x6bd08	len 4
entry_19	va 0x73d10	file_off 0x6bd10	len 12
entry_20	va 0x73d20	file_off 0x6bd20	len 16
entry_21	va 0x73d34	file_off 0x6bd34	len 33
entry_22	va 0x73d58	file_off 0x6bd58	len 4
entry_23	va 0x73eb0	file_off 0x6beb0	len 42
entry_24	va 0x73d60	file_off 0x6bd60	len 7
entry_25	va 0x73d68	file_off 0x6bd68	len 24
entry_26	va 0x73d84	file_off 0x6bd84	len 18
entry_27	va 0x73d98	file_off 0x6bd98	len 3
entry_28	va 0x73d9c	file_off 0x6bd9c	len 5
entry_29	va 0x73da4	file_off 0x6bda4	len 11
entry_30	va 0x73db0	file_off 0x6bdb0	len 45
entry_31	va 0x73de0	file_off 0x6bde0	len 45
entry_32	va 0x73e10	file_off 0x6be10	len 33
entry_33	va 0x73e34	file_off 0x6be34	len 4
entry_34	va 0x73e3c	file_off 0x6be3c	len 10
entry_35	va 0x73edc	file_off 0x6bedc	len 352
entry_36	va 0x73e48	file_off 0x6be48	len 5
entry_37	va 0x73e50	file_off 0x6be50	len 73
# port table (FUN_0000f35c copies 0x6e bytes, picks rand()%55, returns htons(port))
ports_table	literal 0xf3ac -> va 0x73852 file_off 0x6b852 (0x6e bytes)
ports_raw	ff303a5a0787d4afd5dddbeacaa802946a713e3d6fa115e61580f5c12f5510ec0e4682d281b600985c5e71c41693ada1b8e94d6817a0527ccadf29aac87214c9499722b289f34b88d0c333a10f7120e1d6a47e8efdc98d9baab4c67d31d47fec16a1289476cad7a71f8d12d62a7c
ports_le_hostorder_CORRECT	12543,23098,34567,45012,56789,60123,43210,37890,29034,15678,41327,58901,32789,49653,21807,60432,17934,53890,46721,38912,24156,50289,37654,41389,59832,26701,40983,31826,57290,43561,29384,51476,38729,45602,62345,34891,50128,41267,28943,57632,42198,36478,51709,39821,46250,32198,54321,60543,41238,37928,51830,42967,36127,54802,31786
ports_be_wrong	65328,14938,1927,54447,54749,56298,51880,660,27249,15933,28577,5606,5504,62913,12117,4332,3654,33490,33206,152,23646,29124,5779,44449,47337,19816,6048,21116,51935,10666,51314,5321,18839,8882,35315,19336,53443,13217,3953,8417,54948,32398,64969,36251,43700,50813,12756,32748,5793,10388,30410,55207,8077,4822,10876
# process-name list (FUN_0000e808 kills matching processes)
names_list	literal 0xf28c -> va 0x73838 (5 pointers)
name[0]	va 0x73818	nc
name[1]	va 0x7381c	netcat
name[2]	va 0x73824	ftp
name[3]	va 0x73828	echo
name[4]	va 0x73830	tftp
# threshold (FUN_0000dc54, compared with field 22 of /proc/<pid>/stat)
threshold_e1bc	0x7530	30000
# 2001:db8:XXXX:XXXX::1 -> IPv4 decoder (FUN_00012688/FUN_000125a8/FUN_00012610)
ipv6_decoder_input_1260c	0x808a	FUN_000125a8 -> 0x80408454
ipv6_decoder_key_bytes	0x80,0x40,0x84,0x54
ipv6_decoder_formula	for hex byte h_i (i=0..3, from chars 9-10,11-12,14-15,16-17): s=swapnibbles(h_i); r=rotr8(s,i+1); octet_i=((r ^ k_i) + k_i) & 0xff
ipv6_decoder_table_pos0	0,8,16,24,32,40,48,56,64,72,80,88,96,104,112,120,128,136,144,152,160,168,176,184,192,200,208,216,224,232,240,248,1,9,17,25,33,41,49,57,65,73,81,89,97,105,113,121,129,137,145,153,161,169,177,185,193,201,209,217,225,233,241,249,2,10,18,26,34,42,50,58,66,74,82,90,98,106,114,122,130,138,146,154,162,170,178,186,194,202,210,218,226,234,242,250,3,11,19,27,35,43,51,59,67,75,83,91,99,107,115,123,131,139,147,155,163,171,179,187,195,203,211,219,227,235,243,251,4,12,20,28,36,44,52,60,68,76,84,92,100,108,116,124,132,140,148,156,164,172,180,188,196,204,212,220,228,236,244,252,5,13,21,29,37,45,53,61,69,77,85,93,101,109,117,125,133,141,149,157,165,173,181,189,197,205,213,221,229,237,245,253,6,14,22,30,38,46,54,62,70,78,86,94,102,110,118,126,134,142,150,158,166,174,182,190,198,206,214,222,230,238,246,254,7,15,23,31,39,47,55,63,71,79,87,95,103,111,119,127,135,143,151,159,167,175,183,191,199,207,215,223,231,239,247,255
ipv6_decoder_table_pos1	128,132,136,140,144,148,152,156,160,164,168,172,176,180,184,188,64,68,72,76,80,84,88,92,96,100,104,108,112,116,120,124,0,4,8,12,16,20,24,28,32,36,40,44,48,52,56,60,192,196,200,204,208,212,216,220,224,228,232,236,240,244,248,252,129,133,137,141,145,149,153,157,161,165,169,173,177,181,185,189,65,69,73,77,81,85,89,93,97,101,105,109,113,117,121,125,1,5,9,13,17,21,25,29,33,37,41,45,49,53,57,61,193,197,201,205,209,213,217,221,225,229,233,237,241,245,249,253,130,134,138,142,146,150,154,158,162,166,170,174,178,182,186,190,66,70,74,78,82,86,90,94,98,102,106,110,114,118,122,126,2,6,10,14,18,22,26,30,34,38,42,46,50,54,58,62,194,198,202,206,210,214,218,222,226,230,234,238,242,246,250,254,131,135,139,143,147,151,155,159,163,167,171,175,179,183,187,191,67,71,75,79,83,87,91,95,99,103,107,111,115,119,123,127,3,7,11,15,19,23,27,31,35,39,43,47,51,55,59,63,195,199,203,207,211,215,219,223,227,231,235,239,243,247,251,255
ipv6_decoder_table_pos2	8,10,4,6,16,18,12,14,24,26,20,22,32,34,28,30,40,42,36,38,48,50,44,46,56,58,52,54,64,66,60,62,72,74,68,70,80,82,76,78,88,90,84,86,96,98,92,94,104,106,100,102,112,114,108,110,120,122,116,118,128,130,124,126,136,138,132,134,144,146,140,142,152,154,148,150,160,162,156,158,168,170,164,166,176,178,172,174,184,186,180,182,192,194,188,190,200,202,196,198,208,210,204,206,216,218,212,214,224,226,220,222,232,234,228,230,240,242,236,238,248,250,244,246,0,2,252,254,9,11,5,7,17,19,13,15,25,27,21,23,33,35,29,31,41,43,37,39,49,51,45,47,57,59,53,55,65,67,61,63,73,75,69,71,81,83,77,79,89,91,85,87,97,99,93,95,105,107,101,103,113,115,109,111,121,123,117,119,129,131,125,127,137,139,133,135,145,147,141,143,153,155,149,151,161,163,157,159,169,171,165,167,177,179,173,175,185,187,181,183,193,195,189,191,201,203,197,199,209,211,205,207,217,219,213,215,225,227,221,223,233,235,229,231,241,243,237,239,249,251,245,247,1,3,253,255
ipv6_decoder_table_pos3	168,169,170,171,164,165,166,167,176,177,178,179,172,173,174,175,152,153,154,155,148,149,150,151,160,161,162,163,156,157,158,159,200,201,202,203,196,197,198,199,208,209,210,211,204,205,206,207,184,185,186,187,180,181,182,183,192,193,194,195,188,189,190,191,104,105,106,107,100,101,102,103,112,113,114,115,108,109,110,111,88,89,90,91,84,85,86,87,96,97,98,99,92,93,94,95,136,137,138,139,132,133,134,135,144,145,146,147,140,141,142,143,120,121,122,123,116,117,118,119,128,129,130,131,124,125,126,127,40,41,42,43,36,37,38,39,48,49,50,51,44,45,46,47,24,25,26,27,20,21,22,23,32,33,34,35,28,29,30,31,72,73,74,75,68,69,70,71,80,81,82,83,76,77,78,79,56,57,58,59,52,53,54,55,64,65,66,67,60,61,62,63,232,233,234,235,228,229,230,231,240,241,242,243,236,237,238,239,216,217,218,219,212,213,214,215,224,225,226,227,220,221,222,223,8,9,10,11,4,5,6,7,16,17,18,19,12,13,14,15,248,249,250,251,244,245,246,247,0,1,2,3,252,253,254,255
# lock words (FUN_0000f408 / FUN_0000f564)
word_f554	0xffffbc1d	mem_bytes 1dbcffff	as_in_addr 29.188.255.255	low16 48157	low16_swapped 7612
word_f558	0x00093938	mem_bytes 38390900	as_in_addr 56.57.9.0	low16 14648	low16_swapped 14393
word_f55c	0x00001dbc	mem_bytes bc1d0000	as_in_addr 188.29.0.0	low16 7612	low16_swapped 48157
word_f560	0x0100007f	mem_bytes 7f000001	as_in_addr 127.0.0.1	low16 127	low16_swapped 32512
word_fd68	0x0100007f	mem_bytes 7f000001	as_in_addr 127.0.0.1	low16 127	low16_swapped 32512
lock_meaning	f554 low16 0xbc1d stored as sin_port = bytes 1d bc = port 7612 (network order); f55c 0x1dbc = 7612 host order passed to FUN_00013238 (/proc/net/tcp lookup); f560/fd68 0x0100007f = 127.0.0.1; f558 is a pointer to bss 0x93938 (runtime value, not in file)
